# WASP-39b JWST NIRSpec PRISM transmission spectrum (FIREFLy reduction)
# Rustamkulov et al. 2023, Nature 614, 659; Zenodo 7388032
# columns: wavelength_um  transit_depth_ppm  err_ppm
0.531461 21265.64 199.61
0.539121 21392.70 188.11
0.545484 21259.23 155.23
0.550415 21469.00 192.92
0.553764 21403.56 175.03
0.557175 21026.81 161.71
0.560659 21260.36 152.31
0.564200 21253.26 146.06
0.567797 21713.19 137.89
0.571473 21358.64 129.72
0.575224 21325.74 122.97
0.579037 21151.30 116.26
0.582916 21461.46 112.80
0.586881 21446.70 109.77
0.590932 21921.71 107.57
0.595057 21524.20 83.19
0.599262 21574.61 99.23
0.603550 21401.95 98.23
0.607924 21235.47 94.03
0.612392 21134.26 91.89
0.616959 21131.32 91.65
0.621623 21154.56 88.52
0.626386 21199.18 85.80
0.631250 21196.29 83.43
0.636220 21066.33 81.11
0.641299 20875.75 78.97
0.646491 20968.78 76.83
0.651799 20880.90 74.64
0.657225 21011.82 72.57
0.662781 21052.34 72.10
0.668472 20863.39 66.61
0.674293 20983.36 69.20
0.680249 20914.00 69.82
0.686342 21082.45 60.42
0.692584 21034.41 70.84
0.698986 20938.34 68.28
0.705542 21257.07 69.45
0.712253 20932.78 66.25
0.719142 20923.36 62.80
0.726197 20985.72 66.56
0.740859 20798.56 117.46
0.764303 20919.50 93.95
0.789650 20913.35 78.19
0.817091 20914.18 84.82
0.846806 20724.00 102.67
0.878991 20697.46 57.79
0.913834 20819.43 55.20
0.951491 21097.77 113.60
0.992074 20779.44 49.23
1.035644 20825.73 90.62
1.082167 20899.36 126.52
1.131535 21091.31 89.78
1.183535 21066.52 44.22
1.237867 21046.64 45.36
1.294163 21152.32 73.01
1.352017 21316.03 132.34
1.411008 21395.87 78.11
1.470734 21387.67 85.81
1.520801 21187.16 75.99
1.560912 20955.67 81.01
1.600984 21067.81 66.44
1.640944 20584.77 59.70
1.680729 20755.52 65.08
1.720287 20913.52 79.58
1.759574 21113.42 75.36
1.798554 21184.15 59.06
1.837199 21309.33 50.70
1.875487 21370.93 48.52
1.913400 21552.10 39.77
1.950927 21353.28 46.03
1.988057 21162.95 47.28
2.024787 20877.65 46.42
2.061111 21163.20 48.08
2.097032 20880.88 40.23
2.132549 20958.06 41.02
2.167665 20906.72 58.96
2.202384 20783.24 51.37
2.236712 20796.12 48.19
2.270654 20799.65 51.37
2.304215 20864.24 50.47
2.337403 21023.98 48.65
2.370225 21220.50 49.72
2.402687 21110.75 51.18
2.434798 21256.85 50.45
2.466562 21322.11 51.17
2.497991 21484.50 54.59
2.529090 21435.15 57.87
2.559866 21722.40 58.77
2.590327 21632.17 58.68
2.620479 21653.75 57.90
2.650331 21898.48 58.30
2.679888 21805.39 59.10
2.709157 21994.09 60.16
2.738145 21840.24 62.69
2.766858 21818.93 63.08
2.795304 21863.69 65.82
2.823486 22110.97 66.86
2.851412 21969.23 68.36
2.879088 21905.49 70.21
2.906517 21864.97 72.10
2.933708 21736.84 73.14
2.960663 21670.61 75.47
2.987388 21650.45 73.48
3.013890 21613.62 76.25
3.040171 21701.31 75.99
3.066237 21558.11 76.37
3.092092 21570.52 77.93
3.117741 21324.63 78.45
3.143188 21444.26 82.35
3.168437 21417.00 81.96
3.193492 21377.29 83.13
3.218357 21459.89 83.39
3.243035 21234.58 85.88
3.267531 21186.77 85.23
3.291848 21096.39 86.72
3.315989 21194.76 88.74
3.339958 21134.89 90.03
3.363757 21351.05 92.49
3.387390 21295.89 92.14
3.410861 21176.29 94.64
3.434171 21259.14 95.44
3.457324 21157.14 95.35
3.480324 21252.31 98.19
3.503171 21116.33 98.07
3.525870 21233.72 99.97
3.548422 21140.35 100.72
3.570831 21179.23 102.51
3.593098 21358.70 103.67
3.615227 21040.60 104.76
3.637218 21261.05 106.12
3.659076 21128.21 106.73
3.680800 21286.16 112.43
3.702395 20919.26 112.23
3.723863 21069.61 112.74
3.745204 21092.15 113.60
3.766421 21080.76 116.50
3.787516 20807.10 116.07
3.808491 21189.98 117.85
3.829349 21088.44 122.12
3.850089 21031.14 122.29
3.870714 20987.16 124.69
3.891226 20949.46 125.09
3.911628 20947.86 128.13
3.931919 21081.65 129.59
3.952102 21006.50 133.94
3.972179 21087.98 131.05
3.992150 21301.83 132.04
4.012018 21418.89 135.90
4.031784 21411.88 136.05
4.051449 21369.54 135.76
4.071015 21155.11 138.02
4.090483 21199.04 141.26
4.109854 20829.51 145.72
4.129129 21031.30 143.57
4.148310 21122.29 144.07
4.167399 21386.99 145.72
4.186396 21281.41 146.71
4.205302 21533.29 150.58
4.224120 21850.14 150.35
4.242848 21926.68 151.82
4.261490 22374.72 153.54
4.280046 22490.09 154.57
4.298516 22481.49 156.22
4.316903 22553.36 159.28
4.335208 22541.65 160.24
4.353430 22763.00 164.20
4.371571 22655.70 168.17
4.389633 22673.48 169.03
4.407615 22673.90 172.64
4.425519 22738.88 173.13
4.443347 22393.20 175.24
4.461098 21809.02 174.68
4.478774 22223.91 178.28
4.496375 22264.42 178.73
4.513903 21799.15 181.41
4.531357 21576.79 183.92
4.548740 21993.87 188.92
4.566051 21733.94 190.02
4.587592 21654.18 157.52
4.613298 21569.94 162.55
4.638849 21493.22 160.41
4.664250 21469.30 162.00
4.689501 21599.19 164.44
4.714606 21760.42 168.26
4.739566 21641.32 172.34
4.764384 21668.80 169.93
4.789063 21653.04 170.25
4.813603 21652.53 177.80
4.838007 21472.37 185.42
4.862278 21549.32 182.65
4.886417 21441.76 180.95
4.910426 21303.81 189.18
4.934307 21479.58 190.78
4.958061 21584.92 191.97
4.981691 21468.40 192.08
5.005198 21310.95 198.46
5.032470 21125.62 173.57
5.063439 21531.43 177.18
5.094201 21288.86 188.01
5.124758 21330.40 184.85
5.155114 21470.99 190.03
5.185273 21251.71 194.54
5.215237 21288.72 190.96
5.245011 21514.35 198.34
5.274598 21452.62 198.16
5.307662 21237.78 184.51
5.344132 21167.36 209.63
